3766
4838
5410
3970
157
2432
2753
4936
4279
3727
3014
3462
5478
1762
3637
3137
2220
3070
5650
1077
302
5212
1107
602
941
3066
1959
313
5093
5805
313
1776
5617
1985
5326
3443
2467
5407
1263
5551
1290
1570
5922
5198
4170
5370
6593
3644
3725
5207
2727
4372
2227
816
3601
455
2517
2701
1351
40
2266
5641
4640
1547
2061
4778
5152
1185
3696
1483
381
2278
932
4657
1994
1301
4872
3538
5649
4597
3523
5417
6579
3333
5304
3648
3567
169
371
1123
3462
5413
1523
6250
88
5519
5931
3661
1905
1339
1815
1552
1938
4552
2460
5780
4181
2510
5281
6437
5951
4376
3550
2757
2239
4768
1700
2046
130
2082
6262
3293
2617
1710
3746
3955
4037
5181
5891
5555
4569
663
440
271
2387
6409
2018
1706
5573
2354
752
916
6195
587
1580
3505
380
5438
4531
491
5797
2009
5465
4256
5368
5441
3301
1749
5943
4722
5734
6296
4612
3432
5024
961
1253
2468
315
5694
133
1049
3582
2691
2875
1691
2725
3064
3969
3725
2977
5241
2691
3138
5490
422
5875
944
2293
724
5155
3415
360
4320
4192
3471
1567
6372
2344
2405
3329
1369
3100
1555
511
1900
5278
3796
1738
1730
1832
3085
544
462
5292
4510
1779
1299
603
3345
2872
3062
2529
5750
3485
2167
4862
2268
1278
5724
2778
5655
4002
5516
4861
4911
6501
729
6231
1402
567
5709
2177
5428
3999
1829
5442
2965
2143
1127
4538
684
6141
5697
5863
55
31
2114
4665
4640
1397
5961
3059
2079
5961
673
388
5557
3034
1416
5743
1383
638
5651
2716
322
1035
4090
2043
2807
2412
2959
690
5278
5608
939
129
2067
1523
5170
4504
2284
542
6093
5773
5235
2968
3679
6269
3418
2122
5880
3697
4013
6435
6420
364
1365
2828
1156
1843
2612
1051
853
3263
3236
3806
2611
2268
3011
686
1171
3046
559
1676
4973
1806
4344
1678
5791
169
2804
431
3445
1983
1874
3832
3922
1324
952
6015
6513
5201
3880
6200
4346
3042
264
3814
4127
4717
3054
2990
5846
3134
678
4745
4100
2512
3448
975
4820
2737
4053
4437
6219
3856
337
1909
1454
5760
5189
3801
753
2694
2787
3337
4693
6657
3148
3992
483
2215
6456
4096
1360
3359
4668
4077
1867
6129
2611
3545
5336
5686
453
5081
898
6481
362
4247
1499
2615
6645
902
1930
158
1613
407
5883
3811
4649
1861
818
1597
227
275
3999
3149
2641
1211
2259
3168
5774
4152
3155
2356
93
2907
1706
4844
3401
373
402
530
6233
1961
1830
5903
5700
241
2647
3617
2418
4524
3344
6321
3973
5779
4154
916
2306
6045
4187
3578
6321
3100
4568
1309
2370
3031
2000
163
794
5139
615
627
5362
2555
3422
945
3763
5590
1401
4839
18
717
2060
1099
4911
479
957
4455
5827
316
6182
5800
5708
3396
210
2467
3780
899
5
2430
4204
2562
2209
3434
2182
2289
4293
5041
5099
3443
1659
3752
3539
2775
5531
4726
1601
2418
5585
37
6205
1672
4553
2626
4095
2826
6117
3034
139
1107
4677
4067
4078
6667
783
6335
4550
2310
1576
2561
2141
3689
3519
4371
1112
2041
2095
6347
2498
871
2928
3758
1989
3331
1395
2004
1732
6435
1256
3700
5792
2220
6591
3867
3036
894
4730
4232
5073
912
5398
477
747
4825
2579
5162
5573
5754
1355
3796
2908
4621
105
5745
5417
439
5804
5882
3544
4786
292
2572
1544
1793
1951
5125
2606
910
5279
4787
6351
556
3532
2486
5266
1042
6001
1279
5584
6491
1776
3820
2508
2534
4856
1715
5453
4752
4886
5464
2935
3077
113
5599
1836
2674
928
3160
1862
725
3841
5705
4011
2487
2288
3222
6023
2839
2146
4207
2035
1966
183
2942
4363
3369
539
1528
845
2455
5263
4324
2817
5798
1435
1582
358
4141
1897
2492
4181
5156
239
4181
2768
6091
2323
4206
514
5467
4044
669
2357
4341
2949
4993
4987
151
4122
1894
2193
1836
5082
2080
3692
1533
5019
6175
2059
448
4619
1287
5768
5222
6026
2192
716
1067
98
969
2666
3233
1997
2822
120
3364
4915
3558
2814
2891
2284
5240
4240
768
3997
6368
5042
5037
1540
1680
5470
2974
5801
2880
1333
2615
1443
3130
2064
251
5520
4096
3995
5473
2087
2642
2141
6496
207
1359
602
3377
5686
1580
5748
5672
6394
5468
3098
1844
307
6166
1065
5516
1191
5439
2578
3328
2181
5880
2167
2128
1526
4536
3250
4379
2143
5349
3770
304
2507
2486
2747
3863
3785
3226
3247
5982
4814
2422
1573
5792
1363
3263
4539
2602
365
1612
1212
2583
4566
4089
4610
1897
986
1859
2430
1540
6307
3648
1303
3558
1843
5779
1069
5093
5823
6564
3258
2544
3263
5074
70
5010
1084
2318
5097
2676
5471
2416
2865
123
1583
3301
544
1937
5054
2612
811
6546
6244
303
3836
4953
709
815
5910
4684
5880
3240
2514
2503
1292
4595
5320
1345
1990
3482
1651
1696
852
1420
3527
5188
4714
1292
1660
193
2446
6384
2847
3760
66
6173
4166
5995
2854
1383
1822
2794
1209
6078
6565
2242
5038
455
5291
3734
5516
5773
675
3360
1664
5178
2149
101
324
172
2700
1654
2605
321
1905
5286
5689
112
582
3787
6063
6072
3142
667
3411
2578
5509
3832
2347
2751
582
4531
2216
23
3033
6421
3155
2219
6577
123
6280
2045
5327
3359
1184
5837
2660
2424
2707
4490
5487
2313
2753
6148
326
2033
5603
1139
629
5582
1269
5648
3242
4018
6639
3186
2196
3209
5250
2932
873
676
44
5854
1160
5594
2125
2171
4053
1017
3426
4311
5510
4458
2895
315
3090
4023
2931
3433
6270
1646
4319
5965
1972
6113
4187
3527
286
6107
4023
1078
3976
4527
407
695
6034
5124
3846
5491
3314
4329
5933
3861
2290
3909
4280
946
5088
1687
3827
4701
3241
3096
758
1562
1671
